500
50000
49993
49944
49871
49813
49783
49711
49667
49589
49566
49557
49517
49452
49360
49318
49231
49228
49201
49172
49132
49120
49117
49048
49039
48982
48922
48889
48790
48712
48696
48661
48564
48538
48526
48459
48449
48416
48337
48288
48209
48188
48121
48049
47956
47920
47835
47790
47762
47671
47577
47520
47519
47466
47458
47414
47346
47256
47232
47136
47106
47103
47081
47015
46966
46942
46941
46888
46811
46803
46775
46742
46644
46563
46528
46515
46450
46436
46373
46337
46312
46243
46228
46134
46105
46104
46087
45992
45987
45983
45932
45834
45746
45723
45718
45636
45584
45518
45502
45465
45427
45383
45382
45285
45214
45186
45149
45091
45014
44917
44823
44819
44810
44779
44734
44659
44624
44526
44484
44385
44317
44305
44245
44188
44094
44086
43991
43923
43910
43880
43874
43812
43770
43705
43623
43571
43504
43483
43388
43376
43305
43304
43214
43183
43145
43088
43072
42982
42942
42863
42828
42822
42750
42652
42557
42538
42484
42461
42372
42312
42307
42281
42258
42252
42239
42169
42131
42037
42017
41973
41907
41873
41847
41753
41690
41652
41608
41518
41468
41409
41386
41339
41254
41237
41165
41126
41079
40994
40898
40813
40790
40770
40726
40658
40623
40608
40583
40549
40507
40496
40417
40365
40321
40226
40208
40112
40020
40005
39914
39881
39812
39715
39662
39615
39590
39580
39518
39507
39499
39422
39361
39336
39301
39233
39138
39062
38995
38956
38882
38851
38795
38794
38722
38662
38568
38484
38429
38340
38333
38318
38225
38156
38076
38021
37966
37960
37897
37895
37819
37811
37762
37731
37687
37649
37641
37544
37493
37444
37441
37410
37379
37365
37346
37271
37262
37182
37153
37130
37076
37016
36979
36934
36917
36892
36892
36836
36772
36675
36627
36623
36573
36523
36447
36435
36381
36284
36280
36199
36151
36086
36008
35909
35900
35871
35818
35735
35688
35681
35608
35586
35581
35505
35452
35428
35398
35332
35332
35288
35218
35133
35117
35019
34964
34931
34874
34798
34720
34654
34597
34586
34508
34494
34475
34438
34405
34314
34294
34232
34199
34102
34071
33983
33894
33821
33744
33740
33682
33682
33628
33568
33553
33506
33426
33396
33341
33295
33288
33250
33250
33224
33189
33132
33119
33105
33012
32952
32898
32880
32823
32738
32709
32694
32631
32629
32612
32569
32550
32483
32436
32367
32272
32269
32196
32193
32145
32060
32002
31943
31937
31907
31883
31851
31778
31775
31678
31658
31608
31577
31497
31494
31494
31474
31441
31383
31380
31304
31254
31220
31140
31061
31029
30955
30906
30864
30815
30744
30734
30655
30572
30502
30462
30439
30389
30318
30289
30271
30225
30126
30096
30075
29999
29975
29931
29873
29777
29706
29642
29582
29484
29433
29393
29390
29339
29338
29333
29253
29235
29161
29112
29099
29079
29054
29042
28959
28871
28854
28846
28796
28772
28677
28620
28609
28519
28453
28443
28350
28297
28232
28172
28130
28127
28075
28068
28027
28017
28017
27918
27891
27820
27733
27719
27694
27653
27636
27588
27546
27531
27457
27412
27339
27319
27308
27269
27215
27210
27181
27128
27039
26973
26917
26913
26853
26755
26663
26643
26627
26547
26480
26428
26389
26291
