0 
7 
56 
129 
187 
217 
289 
333 
411 
434 
443 
483 
500 
548 
640 
682 
769 
772 
799 
828 
868 
880 
883 
952 
961 
1018 
1078 
1111 
1210 
1288 
1304 
1339 
1436 
1462 
1474 
1541 
1551 
1584 
1663 
1712 
1791 
1812 
1879 
1951 
2044 
2080 
2165 
2210 
2238 
2329 
2423 
2480 
2481 
2534 
2542 
2586 
2654 
2744 
2768 
2864 
2894 
2897 
2919 
2985 
3034 
3058 
3059 
3112 
3189 
3197 
3225 
3258 
3356 
3437 
3472 
3485 
3550 
3564 
3627 
3663 
3688 
3757 
3772 
3866 
3895 
3896 
3913 
4008 
4013 
4017 
4068 
4166 
4254 
4277 
4282 
4364 
4416 
4482 
4498 
4535 
4573 
4617 
4618 
4715 
4786 
4814 
4851 
4909 
4986 
5083 
5177 
5181 
5190 
5221 
5266 
5341 
5376 
5474 
5516 
5615 
5683 
5695 
5755 
5812 
5906 
5914 
6009 
6077 
6090 
6120 
6126 
6188 
6230 
6295 
6377 
6429 
6496 
6517 
6612 
6624 
6695 
6696 
6786 
6817 
6855 
6912 
6928 
7018 
7058 
7137 
7172 
7178 
7250 
7348 
7443 
7462 
7516 
7539 
7628 
7688 
7693 
7719 
7742 
7748 
7761 
7831 
7869 
7963 
7983 
8027 
8093 
8127 
8153 
8247 
8310 
8348 
8392 
8482 
8532 
8591 
8614 
8661 
8746 
8763 
8835 
8874 
8921 
9006 
9102 
9187 
9210 
9230 
9274 
9342 
9377 
9392 
9417 
9451 
9493 
9504 
9583 
9635 
9679 
9774 
9792 
9888 
9980 
9995 
10086 
10119 
10188 
10285 
10338 
10385 
10410 
10420 
10482 
10493 
10501 
10578 
10639 
10664 
10699 
10767 
10862 
10938 
11005 
11044 
11118 
11149 
11205 
11206 
11278 
11338 
11432 
11516 
11571 
11660 
11667 
11682 
11775 
11844 
11924 
11979 
12034 
12040 
12103 
12105 
12181 
12189 
12238 
12269 
12313 
12351 
12359 
12456 
12507 
12556 
12559 
12590 
12621 
12635 
12654 
12729 
12738 
12818 
12847 
12870 
12924 
12984 
13021 
13066 
13083 
13108 
13108 
13164 
13228 
13325 
13373 
13377 
13427 
13477 
13553 
13565 
13619 
13716 
13720 
13801 
13849 
13914 
13992 
14091 
14100 
14129 
14182 
14265 
14312 
14319 
14392 
14414 
14419 
14495 
14548 
14572 
14602 
14668 
14668 
14712 
14782 
14867 
14883 
14981 
15036 
15069 
15126 
15202 
15280 
15346 
15403 
15414 
15492 
15506 
15525 
15562 
15595 
15686 
15706 
15768 
15801 
15898 
15929 
16017 
16106 
16179 
16256 
16260 
16318 
16318 
16372 
16432 
16447 
16494 
16574 
16604 
16659 
16705 
16712 
16750 
16750 
16776 
16811 
16868 
16881 
16895 
16988 
17048 
17102 
17120 
17177 
17262 
17291 
17306 
17369 
17371 
17388 
17431 
17450 
17517 
17564 
17633 
17728 
17731 
17804 
17807 
17855 
17940 
17998 
18057 
18063 
18093 
18117 
18149 
18222 
18225 
18322 
18342 
18392 
18423 
18503 
18506 
18506 
18526 
18559 
18617 
18620 
18696 
18746 
18780 
18860 
18939 
18971 
19045 
19094 
19136 
19185 
19256 
19266 
19345 
19428 
19498 
19538 
19561 
19611 
19682 
19711 
19729 
19775 
19874 
19904 
19925 
20001 
20025 
20069 
20127 
20223 
20294 
20358 
20418 
20516 
20567 
20607 
20610 
20661 
20662 
20667 
20747 
20765 
20839 
20888 
20901 
20921 
20946 
20958 
21041 
21129 
21146 
21154 
21204 
21228 
21323 
21380 
21391 
21481 
21547 
21557 
21650 
21703 
21768 
21828 
21870 
21873 
21925 
21932 
21973 
21983 
21983 
22082 
22109 
22180 
22267 
22281 
22306 
22347 
22364 
22412 
22454 
22469 
22543 
22588 
22661 
22681 
22692 
22731 
22785 
22790 
22819 
22872 
22961 
23027 
23083 
23087 
23147 
23245 
23337 
23357 
23373 
23453 
23520 
23572 
23611 
