26291 
26389 
26428 
26480 
26547 
26627 
26643 
26663 
26755 
26853 
26913 
26917 
26973 
27039 
27128 
27181 
27210 
27215 
27269 
27308 
27319 
27339 
27412 
27457 
27531 
27546 
27588 
27636 
27653 
27694 
27719 
27733 
27820 
27891 
27918 
28017 
28017 
28027 
28068 
28075 
28127 
28130 
28172 
28232 
28297 
28350 
28443 
28453 
28519 
28609 
28620 
28677 
28772 
28796 
28846 
28854 
28871 
28959 
29042 
29054 
29079 
29099 
29112 
29161 
29235 
29253 
29333 
29338 
29339 
29390 
29393 
29433 
29484 
29582 
29642 
29706 
29777 
29873 
29931 
29975 
29999 
30075 
30096 
30126 
30225 
30271 
30289 
30318 
30389 
30439 
30462 
30502 
30572 
30655 
30734 
30744 
30815 
30864 
30906 
30955 
31029 
31061 
31140 
31220 
31254 
31304 
31380 
31383 
31441 
31474 
31494 
31494 
31497 
31577 
31608 
31658 
31678 
31775 
31778 
31851 
31883 
31907 
31937 
31943 
32002 
32060 
32145 
32193 
32196 
32269 
32272 
32367 
32436 
32483 
32550 
32569 
32612 
32629 
32631 
32694 
32709 
32738 
32823 
32880 
32898 
32952 
33012 
33105 
33119 
33132 
33189 
33224 
33250 
33250 
33288 
33295 
33341 
33396 
33426 
33506 
33553 
33568 
33628 
33682 
33682 
33740 
33744 
33821 
33894 
33983 
34071 
34102 
34199 
34232 
34294 
34314 
34405 
34438 
34475 
34494 
34508 
34586 
34597 
34654 
34720 
34798 
34874 
34931 
34964 
35019 
35117 
35133 
35218 
35288 
35332 
35332 
35398 
35428 
35452 
35505 
35581 
35586 
35608 
35681 
35688 
35735 
35818 
35871 
35900 
35909 
36008 
36086 
36151 
36199 
36280 
36284 
36381 
36435 
36447 
36523 
36573 
36623 
36627 
36675 
36772 
36836 
36892 
36892 
36917 
36934 
36979 
37016 
37076 
37130 
37153 
37182 
37262 
37271 
37346 
37365 
37379 
37410 
37441 
37444 
37493 
37544 
37641 
37649 
37687 
37731 
37762 
37811 
37819 
37895 
37897 
37960 
37966 
38021 
38076 
38156 
38225 
38318 
38333 
38340 
38429 
38484 
38568 
38662 
38722 
38794 
38795 
38851 
38882 
38956 
38995 
39062 
39138 
39233 
39301 
39336 
39361 
39422 
39499 
39507 
39518 
39580 
39590 
39615 
39662 
39715 
39812 
39881 
39914 
40005 
40020 
40112 
40208 
40226 
40321 
40365 
40417 
40496 
40507 
40549 
40583 
40608 
40623 
40658 
40726 
40770 
40790 
40813 
40898 
40994 
41079 
41126 
41165 
41237 
41254 
41339 
41386 
41409 
41468 
41518 
41608 
41652 
41690 
41753 
41847 
41873 
41907 
41973 
42017 
42037 
42131 
42169 
42239 
42252 
42258 
42281 
42307 
42312 
42372 
42461 
42484 
42538 
42557 
42652 
42750 
42822 
42828 
42863 
42942 
42982 
43072 
43088 
43145 
43183 
43214 
43304 
43305 
43376 
43388 
43483 
43504 
43571 
43623 
43705 
43770 
43812 
43874 
43880 
43910 
43923 
43991 
44086 
44094 
44188 
44245 
44305 
44317 
44385 
44484 
44526 
44624 
44659 
44734 
44779 
44810 
44819 
44823 
44917 
45014 
45091 
45149 
45186 
45214 
45285 
45382 
45383 
45427 
45465 
45502 
45518 
45584 
45636 
45718 
45723 
45746 
45834 
45932 
45983 
45987 
45992 
46087 
46104 
46105 
46134 
46228 
46243 
46312 
46337 
46373 
46436 
46450 
46515 
46528 
46563 
46644 
46742 
46775 
46803 
46811 
46888 
46941 
46942 
46966 
47015 
47081 
47103 
47106 
47136 
47232 
47256 
47346 
47414 
47458 
47466 
47519 
47520 
47577 
47671 
47762 
47790 
47835 
47920 
47956 
48049 
48121 
48188 
48209 
48288 
48337 
48416 
48449 
48459 
48526 
48538 
48564 
48661 
48696 
48712 
48790 
48889 
48922 
48982 
49039 
49048 
49117 
49120 
49132 
49172 
49201 
49228 
49231 
49318 
49360 
49452 
49517 
49557 
49566 
49589 
49667 
49711 
49783 
49813 
49871 
49944 
49993 
50000 
